Table III
Implied Volatility Calculated by Black-Scholes Formula from the
Option Prices Given in Table II; Actual Expected Mean Volatility
15%; Option Parameters: sigma_0 = 15%, r = 0.0, xi = 1, and mu = 0

T = 90 Days
   rho       0.9      0.95       1.0      1.05       1.1
--------------------------------------------------------
  -1.0     11.87     13.40     14.72     15.87     16.94
          (0.04)    (0.04)    (0.04)    (0.03)    (0.03)
  -0.5     13.73     14.20     14.82     15.36     16.05
          (0.05)    (0.05)    (0.05)    (0.05)    (0.05)
   0.0     15.14     14.92     14.85     14.91     15.09
          (0.00)    (0.00)    (0.00)    (0.00)    (0.00)
   0.5     16.32     15.56     14.78     14.31     13.80
          (0.07)    (0.06)    (0.06)    (0.07)    (0.11)
   1.0     17.25     16.02     14.88     13.55     12.14
          (0.07)    (0.07)    (0.07)    (0.09)    (0.17)

T = 180 Days
   rho       0.9      0.95       1.0      1.05       1.1
--------------------------------------------------------
  -1.0     11.63     13.11     14.42     15.49     16.56
          (0.03)    (0.04)    (0.04)    (0.03)    (0.02)
  -0.5     13.51     13.99     14.57     15.15     15.87
          (0.05)    (0.05)    (0.05)    (0.05)    (0.05)
   0.0     14.99     14.77     14.69     14.76     14.93
          (0.00)    (0.00)    (0.00)    (0.00)    (0.00)
   0.5     16.05     15.45     14.64     14.24     13.66
          (0.07)    (0.07)    (0.07)    (0.08)    (0.10)
   1.0     17.11     15.93     14.69     13.41     12.23
          (0.08)    (0.08)    (0.08)    (0.09)    (0.13)

T = 270 Days
   rho       0.9      0.95       1.0      1.05       1.1
--------------------------------------------------------
  -1.0     11.35     12.81     14.09     15.17     16.21
          (0.03)    (0.03)    (0.03)    (0.03)    (0.02)
  -0.5     13.40     13.79     14.34     14.99     15.60
          (0.04)    (0.05)    (0.05)    (0.05)    (0.05)
   0.0     14.84     14.62     14.55     14.62     14.78
          (0.00)    (0.00)    (0.00)    (0.00)    (0.00)
   0.5     15.92     15.17     14.64     14.05     13.73
          (0.07)    (0.07)    (0.07)    (0.08)    (0.10)
   1.0     16.96     15.63     14.43     13.24     12.07
          (0.08)    (0.08)    (0.09)    (0.10)    (0.13)
